25 25
7 20
13 10
1 13
2 12 2 14
3 11 3 13 3 15
4 10 4 12 4 14 4 16
5 9 5 11 5 13 5 15 5 17
6 8 6 10 6 12 6 14 6 16 6 18
7 7 7 9 7 11 7 13 7 15 7 17 7 19
8 8 8 10 8 12 8 14 8 16 8 18
9 9 9 11 9 13 9 15 9 17
10 10 10 12 10 14 10 16
11 11 11 13 11 15
12 12 12 14
14 12 14 14
15 11 15 13 15 15
16 10 16 12 16 14 16 16
17 9 17 11 17 13 17 15 17 17
18 8 18 10 18 12 18 14 18 16 18 18
19 7 19 9 19 11 19 13 19 15 19 17 19 19
20 8 20 10 20 12 20 14 20 16 20 18
21 9 21 11 21 13 21 15 21 17
22 10 22 12 22 14 22 16
23 11 23 13 23 15
24 12 24 14
25 13
