101 101
24 76
24 34
1 51 2 50 2 52 3 49 3 51
3 53 4 48 4 50 4 52 4 54
5 47 5 49 5 51 5 53 5 55
6 46 6 48 6 50 6 52 6 54
6 52 7 45 7 47 7 49 7 51
7 53 7 55 7 57 8 44 8 46
8 48 8 50 8 52 8 54 8 56
8 58 9 43 9 45 9 47 9 49
9 51 9 53 9 55 9 57 9 59
10 42 10 44 10 46 10 48 10 50
10 52 10 54 10 56 10 58 10 60
11 41 11 43 11 45 11 47 11 49
11 51 11 53 11 55 11 57 11 59
11 61 12 40 12 42 12 44 12 46
12 48 12 50 12 52 12 54 12 56
12 58 12 60 12 62 13 39 13 41
13 43 13 45 13 47 13 49 13 51
13 53 13 55 13 57 13 59 13 61
13 63 14 38 14 40 14 42 14 44
14 46 14 48 14 50 14 52 14 54
14 56 14 58 14 60 14 62 14 64
15 37 15 39 15 41 15 43 15 45
15 47 15 49 15 51 15 53 15 55
15 57 15 59 15 61 15 63 15 65
16 36 16 38 16 40 16 42 16 44
16 46 16 48 16 50 16 52 16 54
16 56 16 58 16 60 16 62 16 64
16 66 17 35 17 37 17 39 17 41
17 43 17 45 17 47 17 49 17 51
17 53 17 55 17 57 17 59 17 61
17 63 17 65 17 67 18 34 18 36
18 38 18 40 18 42 18 44 18 46
18 48 18 50 18 52 18 54 18 56
18 58 18 60 18 62 18 64 18 66
18 68 19 33 19 35 19 37 19 39
19 41 19 43 19 45 19 47 19 49
19 51 19 53 19 55 19 57 19 59
19 61 19 63 19 65 19 67 19 69
20 32 20 34 20 36 20 38 20 40
20 42 20 44 20 46 20 48 20 50
20 52 20 54 20 56 20 58 20 60
20 62 20 64 20 66 20 68 20 70
21 31 21 33 21 35 21 37 21 39
21 41 21 43 21 45 21 47 21 49
21 51 21 53 21 55 21 57 21 59
21 61 21 63 21 65 21 67 21 69
21 71 22 30 22 32 22 34 22 36
22 38 22 40 22 42 22 44 22 46
22 48 22 50 22 52 22 54 22 56
22 58 22 60 22 62 22 64 22 66
22 68 22 70 22 72 23 29 23 31
23 33 23 35 23 37 23 39 23 41
23 43 23 45 23 47 23 49 23 51
23 53 23 55 23 57 23 59 23 61
23 63 23 65 23 67 23 69 23 71
23 73 24 28 24 30 24 32 24 34
24 36 24 38 24 40 24 42 24 44
24 46 24 48 24 50 24 52 24 54
24 56 24 58 24 60 24 62 24 64
24 66 24 68 24 70 24 72 24 74
